[ [ [ -58.01688, -34.7803 ],
    [ -58.01692, -34.78034 ],
    [ -58.02765, -34.78912 ],
    [ -58.04384, -34.80237 ],
    [ -58.08377, -34.83504 ],
    [ -58.09009, -34.84026 ],
    [ -58.1443, -34.88441 ],
    [ -58.1479, -34.88744 ],
    [ -58.14684, -34.88829 ],
    [ -58.20814, -34.94177 ],
    [ -58.20382, -34.94524 ],
    [ -58.21103, -34.95157 ],
    [ -58.24787, -34.98408 ],
    [ -58.24681, -34.98703 ],
    [ -58.26395, -34.99772 ],
    [ -58.26949, -35.00117 ],
    [ -58.27749, -35.00947 ],
    [ -58.28774, -34.99152 ],
    [ -58.30101, -34.972 ],
    [ -58.28754, -34.9653 ],
    [ -58.30244, -34.9454 ],
    [ -58.31664, -34.92587 ],
    [ -58.29461, -34.91502 ],
    [ -58.2849, -34.91566 ],
    [ -58.28075, -34.91634 ],
    [ -58.27703, -34.91637 ],
    [ -58.27583, -34.91618 ],
    [ -58.28204, -34.90749 ],
    [ -58.29783, -34.89533 ],
    [ -58.31248, -34.87479 ],
    [ -58.34218, -34.89066 ],
    [ -58.34634, -34.88503 ],
    [ -58.36483, -34.89419 ],
    [ -58.3964, -34.90992 ],
    [ -58.4054, -34.89747 ],
    [ -58.41044, -34.89059 ],
    [ -58.4128, -34.88744 ],
    [ -58.41594, -34.88301 ],
    [ -58.40876, -34.87945 ],
    [ -58.41312, -34.87345 ],
    [ -58.42226, -34.88596 ],
    [ -58.42679, -34.88848 ],
    [ -58.4536, -34.90177 ],
    [ -58.45243, -34.90331 ],
    [ -58.46336, -34.90896 ],
    [ -58.4643, -34.90804 ],
    [ -58.4915, -34.92834 ],
    [ -58.51265, -34.94713 ],
    [ -58.53006, -34.96212 ],
    [ -58.53334, -34.95946 ],
    [ -58.55397, -34.97539 ],
    [ -58.54908, -34.97974 ],
    [ -58.5562, -35.00695 ],
    [ -58.5825, -34.98798 ],
    [ -58.62013, -34.96101 ],
    [ -58.61559, -34.95794 ],
    [ -58.61385, -34.95684 ],
    [ -58.60574, -34.94913 ],
    [ -58.59904, -34.94293 ],
    [ -58.61163, -34.92657 ],
    [ -58.6105, -34.92528 ],
    [ -58.61078, -34.9251 ],
    [ -58.61095, -34.92496 ],
    [ -58.61122, -34.92479 ],
    [ -58.61154, -34.92448 ],
    [ -58.6118, -34.9244 ],
    [ -58.61224, -34.92431 ],
    [ -58.61257, -34.92425 ],
    [ -58.6128, -34.9241 ],
    [ -58.61308, -34.92401 ],
    [ -58.61348, -34.92393 ],
    [ -58.61384, -34.92391 ],
    [ -58.61407, -34.92375 ],
    [ -58.61457, -34.9236 ],
    [ -58.61493, -34.92361 ],
    [ -58.61524, -34.92377 ],
    [ -58.61551, -34.92389 ],
    [ -58.61584, -34.92399 ],
    [ -58.6161, -34.92392 ],
    [ -58.61633, -34.92371 ],
    [ -58.61653, -34.92354 ],
    [ -58.61669, -34.92331 ],
    [ -58.61698, -34.92315 ],
    [ -58.61721, -34.92312 ],
    [ -58.61749, -34.92305 ],
    [ -58.61783, -34.92284 ],
    [ -58.61805, -34.92271 ],
    [ -58.61818, -34.92252 ],
    [ -58.61804, -34.92233 ],
    [ -58.61784, -34.92224 ],
    [ -58.61787, -34.92204 ],
    [ -58.61801, -34.92183 ],
    [ -58.61823, -34.92167 ],
    [ -58.61844, -34.92147 ],
    [ -58.61866, -34.92127 ],
    [ -58.61884, -34.92118 ],
    [ -58.61905, -34.92097 ],
    [ -58.61932, -34.92078 ],
    [ -58.61979, -34.9206 ],
    [ -58.61998, -34.92054 ],
    [ -58.62019, -34.92045 ],
    [ -58.62048, -34.92024 ],
    [ -58.62088, -34.91999 ],
    [ -58.62122, -34.91981 ],
    [ -58.62151, -34.91974 ],
    [ -58.62181, -34.91972 ],
    [ -58.62229, -34.91957 ],
    [ -58.62257, -34.91962 ],
    [ -58.62283, -34.91976 ],
    [ -58.62329, -34.91982 ],
    [ -58.62355, -34.91977 ],
    [ -58.62378, -34.91961 ],
    [ -58.62402, -34.91956 ],
    [ -58.62434, -34.91947 ],
    [ -58.62486, -34.91931 ],
    [ -58.62523, -34.91919 ],
    [ -58.62545, -34.91907 ],
    [ -58.6257, -34.91893 ],
    [ -58.62595, -34.91876 ],
    [ -58.62625, -34.91854 ],
    [ -58.6265, -34.91841 ],
    [ -58.62804, -34.91991 ],
    [ -58.65062, -34.89096 ],
    [ -58.65016, -34.8906 ],
    [ -58.64995, -34.89046 ],
    [ -58.64977, -34.89027 ],
    [ -58.64949, -34.89023 ],
    [ -58.64901, -34.89011 ],
    [ -58.64851, -34.88993 ],
    [ -58.64798, -34.8898 ],
    [ -58.64746, -34.88964 ],
    [ -58.64705, -34.88939 ],
    [ -58.64684, -34.88905 ],
    [ -58.64672, -34.88866 ],
    [ -58.64667, -34.88844 ],
    [ -58.64679, -34.88827 ],
    [ -58.64688, -34.88799 ],
    [ -58.64687, -34.8876 ],
    [ -58.64679, -34.88722 ],
    [ -58.64671, -34.88688 ],
    [ -58.6465, -34.88644 ],
    [ -58.64621, -34.88622 ],
    [ -58.646, -34.88596 ],
    [ -58.64577, -34.88559 ],
    [ -58.64572, -34.88496 ],
    [ -58.64574, -34.88446 ],
    [ -58.64595, -34.88406 ],
    [ -58.64614, -34.88366 ],
    [ -58.64617, -34.88316 ],
    [ -58.64611, -34.88268 ],
    [ -58.6459, -34.88234 ],
    [ -58.64566, -34.88179 ],
    [ -58.64557, -34.88137 ],
    [ -58.64552, -34.88084 ],
    [ -58.64551, -34.88038 ],
    [ -58.64543, -34.87999 ],
    [ -58.64515, -34.8795 ],
    [ -58.64491, -34.8791 ],
    [ -58.64469, -34.87849 ],
    [ -58.64469, -34.87811 ],
    [ -58.64456, -34.87774 ],
    [ -58.64434, -34.87729 ],
    [ -58.64433, -34.87689 ],
    [ -58.64454, -34.87654 ],
    [ -58.64477, -34.87619 ],
    [ -58.64494, -34.8758 ],
    [ -58.64477, -34.87549 ],
    [ -58.6445, -34.87525 ],
    [ -58.64435, -34.875 ],
    [ -58.6442, -34.87455 ],
    [ -58.64406, -34.87405 ],
    [ -58.64397, -34.87363 ],
    [ -58.64383, -34.87316 ],
    [ -58.64367, -34.87278 ],
    [ -58.64318, -34.87242 ],
    [ -58.64285, -34.87205 ],
    [ -58.64265, -34.87155 ],
    [ -58.64256, -34.8711 ],
    [ -58.64254, -34.87066 ],
    [ -58.64252, -34.87023 ],
    [ -58.64269, -34.87001 ],
    [ -58.64288, -34.86969 ],
    [ -58.64302, -34.86929 ],
    [ -58.64303, -34.8688 ],
    [ -58.6428, -34.86857 ],
    [ -58.64257, -34.86827 ],
    [ -58.64227, -34.86798 ],
    [ -58.64202, -34.86793 ],
    [ -58.64181, -34.86784 ],
    [ -58.64146, -34.86768 ],
    [ -58.6412, -34.86738 ],
    [ -58.6409, -34.86684 ],
    [ -58.64071, -34.86657 ],
    [ -58.64037, -34.86639 ],
    [ -58.64004, -34.86621 ],
    [ -58.63975, -34.86599 ],
    [ -58.63944, -34.86551 ],
    [ -58.63945, -34.8653 ],
    [ -58.63954, -34.86507 ],
    [ -58.63971, -34.86477 ],
    [ -58.63986, -34.86449 ],
    [ -58.64006, -34.86425 ],
    [ -58.64015, -34.86405 ],
    [ -58.64009, -34.86365 ],
    [ -58.63986, -34.86326 ],
    [ -58.63976, -34.86308 ],
    [ -58.63956, -34.86287 ],
    [ -58.63918, -34.86264 ],
    [ -58.63874, -34.86253 ],
    [ -58.6385, -34.86243 ],
    [ -58.63798, -34.86204 ],
    [ -58.6377, -34.86185 ],
    [ -58.63728, -34.86144 ],
    [ -58.63705, -34.86119 ],
    [ -58.63689, -34.86102 ],
    [ -58.63673, -34.86087 ],
    [ -58.6366, -34.86066 ],
    [ -58.63652, -34.86022 ],
    [ -58.63649, -34.85996 ],
    [ -58.63644, -34.85962 ],
    [ -58.63643, -34.85906 ],
    [ -58.63628, -34.85882 ],
    [ -58.63613, -34.85859 ],
    [ -58.63591, -34.85836 ],
    [ -58.63558, -34.85806 ],
    [ -58.63503, -34.85767 ],
    [ -58.63485, -34.85756 ],
    [ -58.63462, -34.85746 ],
    [ -58.63424, -34.85729 ],
    [ -58.634, -34.85707 ],
    [ -58.63379, -34.85679 ],
    [ -58.63356, -34.85646 ],
    [ -58.63327, -34.85612 ],
    [ -58.63282, -34.8556 ],
    [ -58.63264, -34.85543 ],
    [ -58.6325, -34.85527 ],
    [ -58.6322, -34.85495 ],
    [ -58.63203, -34.85475 ],
    [ -58.63193, -34.85453 ],
    [ -58.63185, -34.85423 ],
    [ -58.63162, -34.85395 ],
    [ -58.63134, -34.85374 ],
    [ -58.63107, -34.85359 ],
    [ -58.6307, -34.85345 ],
    [ -58.6305, -34.85336 ],
    [ -58.6303, -34.85311 ],
    [ -58.63021, -34.8529 ],
    [ -58.63014, -34.85265 ],
    [ -58.63006, -34.85244 ],
    [ -58.63004, -34.8522 ],
    [ -58.63019, -34.85181 ],
    [ -58.63026, -34.85159 ],
    [ -58.63038, -34.85141 ],
    [ -58.63052, -34.85123 ],
    [ -58.63054, -34.85101 ],
    [ -58.63049, -34.85076 ],
    [ -58.63034, -34.85046 ],
    [ -58.63005, -34.85001 ],
    [ -58.62994, -34.84965 ],
    [ -58.62985, -34.84946 ],
    [ -58.62968, -34.84917 ],
    [ -58.62939, -34.84867 ],
    [ -58.62918, -34.84829 ],
    [ -58.62899, -34.84797 ],
    [ -58.62879, -34.84763 ],
    [ -58.62867, -34.84729 ],
    [ -58.62873, -34.84704 ],
    [ -58.62881, -34.84685 ],
    [ -58.62876, -34.8466 ],
    [ -58.62849, -34.84642 ],
    [ -58.62832, -34.84627 ],
    [ -58.62801, -34.84605 ],
    [ -58.62772, -34.84584 ],
    [ -58.62754, -34.8456 ],
    [ -58.62718, -34.84535 ],
    [ -58.62684, -34.84517 ],
    [ -58.62659, -34.84512 ],
    [ -58.62626, -34.84501 ],
    [ -58.62598, -34.84496 ],
    [ -58.6258, -34.84484 ],
    [ -58.62558, -34.84471 ],
    [ -58.62539, -34.84454 ],
    [ -58.62512, -34.84428 ],
    [ -58.62492, -34.84405 ],
    [ -58.62471, -34.84369 ],
    [ -58.62471, -34.84347 ],
    [ -58.62472, -34.84326 ],
    [ -58.62476, -34.84303 ],
    [ -58.62479, -34.84273 ],
    [ -58.62478, -34.84244 ],
    [ -58.62471, -34.84194 ],
    [ -58.62453, -34.8417 ],
    [ -58.62436, -34.8415 ],
    [ -58.62416, -34.84111 ],
    [ -58.6241, -34.84074 ],
    [ -58.62403, -34.84052 ],
    [ -58.62391, -34.84017 ],
    [ -58.62386, -34.83985 ],
    [ -58.62374, -34.83966 ],
    [ -58.6236, -34.83946 ],
    [ -58.62336, -34.83918 ],
    [ -58.6232, -34.83896 ],
    [ -58.62309, -34.83875 ],
    [ -58.62305, -34.83848 ],
    [ -58.62301, -34.83827 ],
    [ -58.62286, -34.83796 ],
    [ -58.6227, -34.83768 ],
    [ -58.62243, -34.8374 ],
    [ -58.62218, -34.83714 ],
    [ -58.6221, -34.83696 ],
    [ -58.62197, -34.83673 ],
    [ -58.62176, -34.83645 ],
    [ -58.62156, -34.83624 ],
    [ -58.6214, -34.83604 ],
    [ -58.62111, -34.83579 ],
    [ -58.62082, -34.83554 ],
    [ -58.6207, -34.83524 ],
    [ -58.62073, -34.83502 ],
    [ -58.62067, -34.83466 ],
    [ -58.62059, -34.83437 ],
    [ -58.62049, -34.83413 ],
    [ -58.62037, -34.83387 ],
    [ -58.6203, -34.83359 ],
    [ -58.62023, -34.83339 ],
    [ -58.62006, -34.83287 ],
    [ -58.61996, -34.8325 ],
    [ -58.6199, -34.83223 ],
    [ -58.61959, -34.83184 ],
    [ -58.61958, -34.83157 ],
    [ -58.61964, -34.83126 ],
    [ -58.61967, -34.83083 ],
    [ -58.61965, -34.83049 ],
    [ -58.61953, -34.83022 ],
    [ -58.61931, -34.83 ],
    [ -58.61887, -34.82985 ],
    [ -58.61853, -34.82973 ],
    [ -58.61808, -34.82943 ],
    [ -58.61782, -34.82923 ],
    [ -58.61769, -34.82907 ],
    [ -58.61758, -34.82873 ],
    [ -58.61747, -34.82843 ],
    [ -58.61746, -34.82819 ],
    [ -58.61749, -34.8277 ],
    [ -58.61744, -34.82741 ],
    [ -58.61732, -34.8271 ],
    [ -58.61721, -34.82679 ],
    [ -58.6171, -34.82639 ],
    [ -58.61707, -34.82609 ],
    [ -58.61699, -34.82571 ],
    [ -58.61682, -34.82535 ],
    [ -58.61667, -34.82507 ],
    [ -58.61658, -34.82475 ],
    [ -58.61647, -34.82436 ],
    [ -58.61625, -34.82386 ],
    [ -58.61612, -34.82336 ],
    [ -58.6161, -34.82307 ],
    [ -58.61613, -34.82263 ],
    [ -58.61631, -34.82249 ],
    [ -58.61652, -34.82236 ],
    [ -58.61681, -34.82212 ],
    [ -58.617, -34.82187 ],
    [ -58.617, -34.82156 ],
    [ -58.61689, -34.82129 ],
    [ -58.61676, -34.82105 ],
    [ -58.61661, -34.82076 ],
    [ -58.6165, -34.82048 ],
    [ -58.61633, -34.82013 ],
    [ -58.61616, -34.81994 ],
    [ -58.61597, -34.81978 ],
    [ -58.61582, -34.81949 ],
    [ -58.6157, -34.81919 ],
    [ -58.61564, -34.81889 ],
    [ -58.61557, -34.81866 ],
    [ -58.61542, -34.81841 ],
    [ -58.61519, -34.81813 ],
    [ -58.61487, -34.81779 ],
    [ -58.61455, -34.81759 ],
    [ -58.61424, -34.81747 ],
    [ -58.61385, -34.8174 ],
    [ -58.61357, -34.81735 ],
    [ -58.6132, -34.81712 ],
    [ -58.61293, -34.81684 ],
    [ -58.61272, -34.81656 ],
    [ -58.61243, -34.8162 ],
    [ -58.61206, -34.81584 ],
    [ -58.61172, -34.81552 ],
    [ -58.6115, -34.81531 ],
    [ -58.61131, -34.81507 ],
    [ -58.61101, -34.81469 ],
    [ -58.61073, -34.81443 ],
    [ -58.61052, -34.81424 ],
    [ -58.61025, -34.81406 ],
    [ -58.61002, -34.81381 ],
    [ -58.60991, -34.81364 ],
    [ -58.60986, -34.81344 ],
    [ -58.60976, -34.81322 ],
    [ -58.60955, -34.81299 ],
    [ -58.60909, -34.81287 ],
    [ -58.60876, -34.81278 ],
    [ -58.60835, -34.81271 ],
    [ -58.60811, -34.81269 ],
    [ -58.60783, -34.81257 ],
    [ -58.60749, -34.81223 ],
    [ -58.60739, -34.81192 ],
    [ -58.60719, -34.81164 ],
    [ -58.60691, -34.81108 ],
    [ -58.6068, -34.81089 ],
    [ -58.60649, -34.81069 ],
    [ -58.60616, -34.81066 ],
    [ -58.60586, -34.81056 ],
    [ -58.60536, -34.81046 ],
    [ -58.60518, -34.81037 ],
    [ -58.60486, -34.81023 ],
    [ -58.60459, -34.81003 ],
    [ -58.60437, -34.80984 ],
    [ -58.60416, -34.80974 ],
    [ -58.60395, -34.80969 ],
    [ -58.60373, -34.80967 ],
    [ -58.60339, -34.80969 ],
    [ -58.60306, -34.80972 ],
    [ -58.60273, -34.80981 ],
    [ -58.60242, -34.80997 ],
    [ -58.60229, -34.81017 ],
    [ -58.60195, -34.81058 ],
    [ -58.60172, -34.81079 ],
    [ -58.60141, -34.8111 ],
    [ -58.60117, -34.81129 ],
    [ -58.60098, -34.81139 ],
    [ -58.60065, -34.81146 ],
    [ -58.60037, -34.81145 ],
    [ -58.60005, -34.81133 ],
    [ -58.59976, -34.81112 ],
    [ -58.59956, -34.81085 ],
    [ -58.59951, -34.81063 ],
    [ -58.59937, -34.81031 ],
    [ -58.59923, -34.81001 ],
    [ -58.59904, -34.8097 ],
    [ -58.59882, -34.80938 ],
    [ -58.59874, -34.80915 ],
    [ -58.59869, -34.80891 ],
    [ -58.59859, -34.80869 ],
    [ -58.59844, -34.80853 ],
    [ -58.59827, -34.80838 ],
    [ -58.59811, -34.80817 ],
    [ -58.59807, -34.80797 ],
    [ -58.59817, -34.8077 ],
    [ -58.5982, -34.80727 ],
    [ -58.59786, -34.80703 ],
    [ -58.59766, -34.80695 ],
    [ -58.59729, -34.80677 ],
    [ -58.59716, -34.80656 ],
    [ -58.59711, -34.80627 ],
    [ -58.59716, -34.80599 ],
    [ -58.59726, -34.80569 ],
    [ -58.59747, -34.80537 ],
    [ -58.59763, -34.80512 ],
    [ -58.59753, -34.80472 ],
    [ -58.59721, -34.80457 ],
    [ -58.59686, -34.8046 ],
    [ -58.59658, -34.80468 ],
    [ -58.59625, -34.80487 ],
    [ -58.59602, -34.80504 ],
    [ -58.59579, -34.80552 ],
    [ -58.59565, -34.80568 ],
    [ -58.59538, -34.80581 ],
    [ -58.59498, -34.80583 ],
    [ -58.59466, -34.80572 ],
    [ -58.59453, -34.80548 ],
    [ -58.59431, -34.80512 ],
    [ -58.59434, -34.80479 ],
    [ -58.59451, -34.80461 ],
    [ -58.5948, -34.80444 ],
    [ -58.5951, -34.80435 ],
    [ -58.5955, -34.80429 ],
    [ -58.59574, -34.80423 ],
    [ -58.59601, -34.804 ],
    [ -58.59602, -34.80359 ],
    [ -58.59584, -34.80334 ],
    [ -58.59559, -34.80322 ],
    [ -58.59525, -34.80308 ],
    [ -58.59496, -34.80291 ],
    [ -58.59468, -34.80269 ],
    [ -58.5945, -34.80241 ],
    [ -58.59436, -34.80201 ],
    [ -58.59435, -34.80164 ],
    [ -58.59423, -34.8014 ],
    [ -58.59402, -34.80118 ],
    [ -58.5934, -34.80082 ],
    [ -58.59316, -34.80065 ],
    [ -58.59287, -34.80044 ],
    [ -58.59257, -34.80006 ],
    [ -58.59252, -34.79977 ],
    [ -58.59258, -34.79939 ],
    [ -58.59254, -34.79903 ],
    [ -58.59235, -34.79888 ],
    [ -58.59187, -34.79867 ],
    [ -58.59146, -34.79854 ],
    [ -58.59119, -34.79842 ],
    [ -58.59062, -34.79824 ],
    [ -58.59034, -34.79819 ],
    [ -58.58981, -34.79782 ],
    [ -58.58969, -34.79752 ],
    [ -58.5897, -34.79721 ],
    [ -58.58992, -34.79698 ],
    [ -58.59024, -34.79679 ],
    [ -58.59068, -34.79655 ],
    [ -58.59097, -34.79615 ],
    [ -58.59097, -34.79581 ],
    [ -58.59077, -34.79552 ],
    [ -58.59038, -34.79521 ],
    [ -58.58992, -34.79483 ],
    [ -58.5894, -34.79441 ],
    [ -58.5889, -34.79392 ],
    [ -58.58853, -34.79357 ],
    [ -58.58786, -34.79294 ],
    [ -58.58755, -34.79243 ],
    [ -58.58752, -34.79212 ],
    [ -58.58756, -34.79188 ],
    [ -58.58776, -34.79166 ],
    [ -58.58809, -34.79148 ],
    [ -58.58832, -34.79139 ],
    [ -58.58854, -34.79102 ],
    [ -58.58854, -34.79065 ],
    [ -58.58849, -34.79026 ],
    [ -58.58846, -34.78982 ],
    [ -58.58844, -34.78934 ],
    [ -58.58847, -34.78885 ],
    [ -58.58844, -34.78817 ],
    [ -58.58838, -34.78785 ],
    [ -58.58817, -34.7872 ],
    [ -58.58806, -34.78675 ],
    [ -58.58798, -34.78626 ],
    [ -58.58784, -34.78591 ],
    [ -58.58748, -34.78553 ],
    [ -58.58704, -34.78521 ],
    [ -58.58655, -34.78487 ],
    [ -58.58617, -34.78449 ],
    [ -58.58583, -34.78408 ],
    [ -58.58538, -34.78361 ],
    [ -58.58513, -34.78347 ],
    [ -58.58479, -34.78327 ],
    [ -58.58449, -34.7829 ],
    [ -58.58439, -34.78256 ],
    [ -58.58442, -34.78222 ],
    [ -58.58463, -34.78178 ],
    [ -58.58477, -34.78143 ],
    [ -58.58497, -34.78111 ],
    [ -58.58523, -34.78098 ],
    [ -58.58557, -34.78094 ],
    [ -58.5859, -34.78093 ],
    [ -58.58626, -34.78084 ],
    [ -58.5865, -34.78068 ],
    [ -58.58664, -34.7804 ],
    [ -58.58653, -34.78004 ],
    [ -58.58628, -34.77983 ],
    [ -58.58591, -34.77965 ],
    [ -58.58549, -34.7794 ],
    [ -58.58512, -34.77913 ],
    [ -58.58475, -34.77889 ],
    [ -58.58431, -34.77844 ],
    [ -58.58401, -34.77813 ],
    [ -58.58377, -34.77789 ],
    [ -58.58347, -34.77764 ],
    [ -58.5831, -34.77733 ],
    [ -58.58289, -34.77724 ],
    [ -58.58268, -34.77719 ],
    [ -58.58239, -34.77714 ],
    [ -58.58218, -34.7771 ],
    [ -58.58189, -34.77698 ],
    [ -58.5817, -34.77686 ],
    [ -58.58153, -34.7767 ],
    [ -58.58141, -34.77654 ],
    [ -58.58115, -34.77628 ],
    [ -58.58083, -34.77613 ],
    [ -58.58042, -34.77617 ],
    [ -58.58023, -34.77631 ],
    [ -58.57999, -34.77657 ],
    [ -58.5797, -34.77681 ],
    [ -58.57956, -34.77695 ],
    [ -58.57921, -34.77732 ],
    [ -58.57904, -34.77753 ],
    [ -58.57878, -34.77778 ],
    [ -58.57853, -34.77793 ],
    [ -58.57822, -34.77803 ],
    [ -58.57787, -34.77811 ],
    [ -58.57764, -34.77808 ],
    [ -58.57734, -34.77799 ],
    [ -58.57714, -34.77792 ],
    [ -58.57678, -34.77781 ],
    [ -58.57651, -34.77766 ],
    [ -58.57626, -34.77755 ],
    [ -58.57602, -34.77734 ],
    [ -58.57565, -34.77696 ],
    [ -58.5754, -34.77674 ],
    [ -58.57505, -34.77647 ],
    [ -58.57458, -34.77605 ],
    [ -58.57408, -34.77572 ],
    [ -58.57389, -34.77558 ],
    [ -58.57354, -34.77543 ],
    [ -58.57317, -34.77536 ],
    [ -58.57271, -34.7752 ],
    [ -58.57233, -34.77504 ],
    [ -58.57211, -34.77475 ],
    [ -58.5721, -34.77453 ],
    [ -58.57208, -34.77424 ],
    [ -58.5721, -34.77395 ],
    [ -58.57211, -34.77365 ],
    [ -58.57227, -34.77327 ],
    [ -58.57252, -34.77303 ],
    [ -58.57269, -34.7729 ],
    [ -58.57294, -34.77276 ],
    [ -58.57321, -34.77267 ],
    [ -58.57351, -34.7727 ],
    [ -58.57375, -34.77279 ],
    [ -58.57402, -34.77291 ],
    [ -58.57426, -34.77297 ],
    [ -58.57467, -34.77299 ],
    [ -58.57491, -34.77299 ],
    [ -58.5752, -34.77272 ],
    [ -58.57513, -34.7724 ],
    [ -58.57491, -34.77214 ],
    [ -58.57463, -34.77199 ],
    [ -58.57428, -34.77184 ],
    [ -58.5741, -34.77164 ],
    [ -58.57401, -34.77143 ],
    [ -58.57393, -34.77115 ],
    [ -58.57384, -34.7709 ],
    [ -58.57379, -34.77062 ],
    [ -58.57397, -34.77012 ],
    [ -58.57417, -34.77003 ],
    [ -58.57446, -34.76987 ],
    [ -58.57473, -34.76971 ],
    [ -58.57487, -34.76944 ],
    [ -58.57494, -34.76918 ],
    [ -58.57496, -34.76887 ],
    [ -58.57496, -34.76852 ],
    [ -58.5749, -34.76828 ],
    [ -58.57478, -34.7681 ],
    [ -58.57441, -34.76779 ],
    [ -58.57424, -34.76747 ],
    [ -58.57423, -34.76724 ],
    [ -58.57428, -34.76698 ],
    [ -58.57409, -34.76666 ],
    [ -58.57389, -34.76655 ],
    [ -58.57359, -34.76649 ],
    [ -58.57316, -34.76654 ],
    [ -58.5728, -34.76659 ],
    [ -58.57232, -34.76665 ],
    [ -58.57187, -34.76666 ],
    [ -58.57147, -34.76668 ],
    [ -58.57093, -34.76667 ],
    [ -58.57056, -34.76658 ],
    [ -58.57036, -34.7664 ],
    [ -58.57025, -34.76621 ],
    [ -58.57018, -34.76594 ],
    [ -58.57008, -34.76572 ],
    [ -58.56992, -34.76553 ],
    [ -58.56969, -34.76541 ],
    [ -58.56937, -34.76535 ],
    [ -58.56913, -34.76548 ],
    [ -58.56893, -34.7656 ],
    [ -58.5687, -34.76572 ],
    [ -58.56831, -34.76577 ],
    [ -58.56797, -34.76572 ],
    [ -58.56776, -34.7656 ],
    [ -58.5676, -34.76539 ],
    [ -58.56766, -34.76507 ],
    [ -58.56776, -34.76479 ],
    [ -58.56784, -34.76453 ],
    [ -58.56813, -34.76404 ],
    [ -58.56834, -34.76389 ],
    [ -58.56862, -34.7637 ],
    [ -58.56887, -34.76347 ],
    [ -58.56905, -34.76326 ],
    [ -58.56921, -34.76296 ],
    [ -58.56926, -34.76274 ],
    [ -58.56932, -34.76248 ],
    [ -58.56937, -34.76217 ],
    [ -58.56941, -34.76184 ],
    [ -58.56934, -34.76158 ],
    [ -58.56917, -34.76134 ],
    [ -58.56884, -34.76106 ],
    [ -58.5685, -34.76084 ],
    [ -58.56837, -34.76062 ],
    [ -58.56837, -34.76034 ],
    [ -58.56845, -34.76007 ],
    [ -58.56842, -34.75978 ],
    [ -58.56844, -34.75946 ],
    [ -58.56847, -34.75922 ],
    [ -58.56845, -34.75898 ],
    [ -58.56835, -34.75878 ],
    [ -58.5682, -34.75861 ],
    [ -58.56801, -34.75848 ],
    [ -58.56775, -34.75835 ],
    [ -58.56759, -34.75821 ],
    [ -58.5674, -34.75793 ],
    [ -58.56718, -34.75766 ],
    [ -58.56675, -34.75742 ],
    [ -58.56651, -34.75733 ],
    [ -58.56628, -34.75726 ],
    [ -58.56594, -34.75714 ],
    [ -58.56558, -34.7571 ],
    [ -58.56529, -34.75713 ],
    [ -58.56502, -34.75716 ],
    [ -58.56475, -34.75716 ],
    [ -58.56446, -34.75716 ],
    [ -58.56411, -34.75719 ],
    [ -58.56377, -34.7572 ],
    [ -58.5634, -34.75719 ],
    [ -58.5632, -34.75717 ],
    [ -58.56289, -34.75713 ],
    [ -58.56264, -34.7571 ],
    [ -58.56236, -34.75708 ],
    [ -58.56206, -34.75706 ],
    [ -58.56181, -34.75709 ],
    [ -58.56139, -34.75714 ],
    [ -58.56107, -34.75719 ],
    [ -58.56085, -34.75718 ],
    [ -58.56042, -34.75707 ],
    [ -58.56023, -34.75689 ],
    [ -58.56008, -34.75672 ],
    [ -58.55995, -34.75653 ],
    [ -58.5598, -34.75634 ],
    [ -58.55949, -34.75604 ],
    [ -58.55929, -34.75594 ],
    [ -58.55896, -34.75601 ],
    [ -58.55881, -34.75616 ],
    [ -58.55862, -34.75634 ],
    [ -58.55811, -34.75673 ],
    [ -58.55778, -34.75687 ],
    [ -58.55744, -34.75699 ],
    [ -58.55722, -34.75702 ],
    [ -58.55697, -34.75705 ],
    [ -58.5567, -34.75699 ],
    [ -58.55642, -34.75668 ],
    [ -58.55629, -34.75646 ],
    [ -58.5561, -34.75617 ],
    [ -58.5559, -34.7559 ],
    [ -58.55562, -34.7556 ],
    [ -58.55534, -34.75545 ],
    [ -58.55516, -34.75533 ],
    [ -58.55474, -34.7551 ],
    [ -58.55447, -34.75489 ],
    [ -58.5543, -34.75468 ],
    [ -58.55417, -34.7544 ],
    [ -58.55403, -34.75414 ],
    [ -58.55389, -34.75396 ],
    [ -58.55376, -34.75378 ],
    [ -58.55363, -34.75362 ],
    [ -58.55339, -34.75336 ],
    [ -58.55336, -34.75315 ],
    [ -58.5533, -34.75291 ],
    [ -58.55322, -34.75263 ],
    [ -58.55309, -34.75234 ],
    [ -58.55296, -34.75207 ],
    [ -58.55287, -34.75183 ],
    [ -58.55268, -34.75135 ],
    [ -58.55254, -34.75111 ],
    [ -58.55217, -34.75083 ],
    [ -58.55183, -34.75077 ],
    [ -58.55148, -34.75076 ],
    [ -58.55112, -34.75087 ],
    [ -58.551, -34.75116 ],
    [ -58.55104, -34.75136 ],
    [ -58.55117, -34.75155 ],
    [ -58.55133, -34.75171 ],
    [ -58.55146, -34.75192 ],
    [ -58.5515, -34.75216 ],
    [ -58.55149, -34.75241 ],
    [ -58.55127, -34.75272 ],
    [ -58.55099, -34.75284 ],
    [ -58.55061, -34.75295 ],
    [ -58.55013, -34.75285 ],
    [ -58.54985, -34.75278 ],
    [ -58.54959, -34.75278 ],
    [ -58.5493, -34.75293 ],
    [ -58.54919, -34.75322 ],
    [ -58.54909, -34.75343 ],
    [ -58.54895, -34.75363 ],
    [ -58.54877, -34.7538 ],
    [ -58.54842, -34.75399 ],
    [ -58.54809, -34.75416 ],
    [ -58.54788, -34.75451 ],
    [ -58.5479, -34.75475 ],
    [ -58.5479, -34.75496 ],
    [ -58.54776, -34.75525 ],
    [ -58.54748, -34.75551 ],
    [ -58.54712, -34.75578 ],
    [ -58.5468, -34.75605 ],
    [ -58.54645, -34.75636 ],
    [ -58.54612, -34.75677 ],
    [ -58.54608, -34.75701 ],
    [ -58.54607, -34.75733 ],
    [ -58.54597, -34.75756 ],
    [ -58.54585, -34.75778 ],
    [ -58.5458, -34.75806 ],
    [ -58.54612, -34.75835 ],
    [ -58.54622, -34.75861 ],
    [ -58.54611, -34.75891 ],
    [ -58.54588, -34.75902 ],
    [ -58.5456, -34.75904 ],
    [ -58.54539, -34.75898 ],
    [ -58.5451, -34.75874 ],
    [ -58.54491, -34.75847 ],
    [ -58.54476, -34.75832 ],
    [ -58.54459, -34.75815 ],
    [ -58.54415, -34.75791 ],
    [ -58.54392, -34.75787 ],
    [ -58.54338, -34.75809 ],
    [ -58.54317, -34.75816 ],
    [ -58.54275, -34.75824 ],
    [ -58.54248, -34.75826 ],
    [ -58.54227, -34.75825 ],
    [ -58.54203, -34.7582 ],
    [ -58.54181, -34.75811 ],
    [ -58.54159, -34.758 ],
    [ -58.54134, -34.7579 ],
    [ -58.54115, -34.75779 ],
    [ -58.54082, -34.75765 ],
    [ -58.54051, -34.75752 ],
    [ -58.54021, -34.75739 ],
    [ -58.53997, -34.75723 ],
    [ -58.53971, -34.75704 ],
    [ -58.53928, -34.75689 ],
    [ -58.53893, -34.757 ],
    [ -58.53867, -34.75708 ],
    [ -58.53827, -34.75716 ],
    [ -58.53802, -34.75714 ],
    [ -58.5378, -34.75706 ],
    [ -58.53756, -34.75697 ],
    [ -58.53734, -34.75683 ],
    [ -58.53711, -34.75664 ],
    [ -58.53691, -34.75643 ],
    [ -58.53673, -34.75627 ],
    [ -58.53644, -34.75594 ],
    [ -58.5362, -34.75572 ],
    [ -58.53607, -34.75557 ],
    [ -58.53588, -34.7554 ],
    [ -58.53573, -34.7552 ],
    [ -58.53576, -34.7549 ],
    [ -58.53605, -34.75471 ],
    [ -58.53634, -34.75462 ],
    [ -58.53661, -34.75451 ],
    [ -58.53688, -34.75423 ],
    [ -58.53701, -34.75386 ],
    [ -58.53688, -34.75352 ],
    [ -58.53666, -34.7532 ],
    [ -58.53648, -34.7529 ],
    [ -58.53651, -34.75268 ],
    [ -58.53682, -34.75237 ],
    [ -58.53701, -34.75219 ],
    [ -58.53716, -34.75199 ],
    [ -58.53745, -34.75166 ],
    [ -58.53773, -34.75144 ],
    [ -58.53801, -34.75135 ],
    [ -58.53831, -34.75121 ],
    [ -58.53852, -34.75101 ],
    [ -58.53859, -34.75075 ],
    [ -58.53848, -34.7504 ],
    [ -58.53841, -34.75019 ],
    [ -58.53836, -34.74983 ],
    [ -58.53838, -34.74953 ],
    [ -58.53844, -34.7491 ],
    [ -58.53851, -34.74891 ],
    [ -58.53865, -34.74867 ],
    [ -58.53876, -34.74846 ],
    [ -58.5388, -34.74826 ],
    [ -58.53883, -34.74805 ],
    [ -58.53889, -34.74781 ],
    [ -58.53891, -34.74754 ],
    [ -58.53889, -34.74732 ],
    [ -58.5388, -34.74691 ],
    [ -58.53865, -34.7467 ],
    [ -58.53841, -34.74656 ],
    [ -58.53812, -34.74645 ],
    [ -58.53766, -34.74632 ],
    [ -58.53749, -34.74619 ],
    [ -58.53727, -34.74603 ],
    [ -58.53705, -34.74584 ],
    [ -58.53681, -34.74564 ],
    [ -58.53644, -34.74546 ],
    [ -58.53612, -34.74539 ],
    [ -58.53587, -34.74537 ],
    [ -58.53551, -34.74535 ],
    [ -58.53509, -34.74536 ],
    [ -58.53471, -34.74538 ],
    [ -58.53436, -34.74538 ],
    [ -58.53409, -34.74537 ],
    [ -58.53378, -34.74536 ],
    [ -58.53346, -34.74537 ],
    [ -58.53319, -34.74537 ],
    [ -58.5329, -34.74542 ],
    [ -58.53267, -34.74549 ],
    [ -58.53231, -34.74558 ],
    [ -58.53207, -34.74564 ],
    [ -58.53176, -34.74567 ],
    [ -58.53131, -34.74557 ],
    [ -58.53114, -34.74546 ],
    [ -58.53094, -34.74523 ],
    [ -58.53081, -34.745 ],
    [ -58.53067, -34.74472 ],
    [ -58.53044, -34.74446 ],
    [ -58.53027, -34.74435 ],
    [ -58.53004, -34.74426 ],
    [ -58.5298, -34.74417 ],
    [ -58.5295, -34.74411 ],
    [ -58.5293, -34.7441 ],
    [ -58.52909, -34.74409 ],
    [ -58.52884, -34.74412 ],
    [ -58.52861, -34.74417 ],
    [ -58.5281, -34.74422 ],
    [ -58.5278, -34.74419 ],
    [ -58.52747, -34.74412 ],
    [ -58.52728, -34.74403 ],
    [ -58.52688, -34.74377 ],
    [ -58.52666, -34.74363 ],
    [ -58.52649, -34.7435 ],
    [ -58.52628, -34.74333 ],
    [ -58.52608, -34.74317 ],
    [ -58.52585, -34.74299 ],
    [ -58.52566, -34.74284 ],
    [ -58.52545, -34.74269 ],
    [ -58.52519, -34.74252 ],
    [ -58.52498, -34.74242 ],
    [ -58.52477, -34.74231 ],
    [ -58.52452, -34.74216 ],
    [ -58.52425, -34.74201 ],
    [ -58.52383, -34.74175 ],
    [ -58.52357, -34.74156 ],
    [ -58.52327, -34.74144 ],
    [ -58.52298, -34.74129 ],
    [ -58.52273, -34.74112 ],
    [ -58.52249, -34.74098 ],
    [ -58.52209, -34.74082 ],
    [ -58.52188, -34.74079 ],
    [ -58.52164, -34.74076 ],
    [ -58.52134, -34.74076 ],
    [ -58.52106, -34.74078 ],
    [ -58.52078, -34.74081 ],
    [ -58.52049, -34.74087 ],
    [ -58.52021, -34.74096 ],
    [ -58.51992, -34.74102 ],
    [ -58.51967, -34.74108 ],
    [ -58.5194, -34.74109 ],
    [ -58.51894, -34.74115 ],
    [ -58.51867, -34.74118 ],
    [ -58.51839, -34.74121 ],
    [ -58.5181, -34.74125 ],
    [ -58.51788, -34.74128 ],
    [ -58.51762, -34.7413 ],
    [ -58.51742, -34.74129 ],
    [ -58.51722, -34.74124 ],
    [ -58.51703, -34.74117 ],
    [ -58.51678, -34.74107 ],
    [ -58.51657, -34.74101 ],
    [ -58.51628, -34.74085 ],
    [ -58.51614, -34.74066 ],
    [ -58.51602, -34.74049 ],
    [ -58.51582, -34.74027 ],
    [ -58.51561, -34.74009 ],
    [ -58.51541, -34.73997 ],
    [ -58.51521, -34.73989 ],
    [ -58.51496, -34.73985 ],
    [ -58.51471, -34.73984 ],
    [ -58.51449, -34.73989 ],
    [ -58.5143, -34.73997 ],
    [ -58.51408, -34.7401 ],
    [ -58.51382, -34.74018 ],
    [ -58.51359, -34.74018 ],
    [ -58.51334, -34.74015 ],
    [ -58.51313, -34.74009 ],
    [ -58.51284, -34.74002 ],
    [ -58.51266, -34.7399 ],
    [ -58.51254, -34.73974 ],
    [ -58.51244, -34.73952 ],
    [ -58.51247, -34.73929 ],
    [ -58.51252, -34.73904 ],
    [ -58.51256, -34.73883 ],
    [ -58.51259, -34.73864 ],
    [ -58.51254, -34.73836 ],
    [ -58.5125, -34.73809 ],
    [ -58.51245, -34.73783 ],
    [ -58.51239, -34.73764 ],
    [ -58.51229, -34.73743 ],
    [ -58.51212, -34.73732 ],
    [ -58.51189, -34.73713 ],
    [ -58.51175, -34.73698 ],
    [ -58.51165, -34.7368 ],
    [ -58.51146, -34.73661 ],
    [ -58.51127, -34.73646 ],
    [ -58.51108, -34.73632 ],
    [ -58.51089, -34.7362 ],
    [ -58.51071, -34.73607 ],
    [ -58.51055, -34.73592 ],
    [ -58.51038, -34.73577 ],
    [ -58.51021, -34.73565 ],
    [ -58.51, -34.73548 ],
    [ -58.50982, -34.73533 ],
    [ -58.50964, -34.73518 ],
    [ -58.50948, -34.73501 ],
    [ -58.50937, -34.73478 ],
    [ -58.50928, -34.73454 ],
    [ -58.50928, -34.73426 ],
    [ -58.50933, -34.73407 ],
    [ -58.50944, -34.73384 ],
    [ -58.50951, -34.7336 ],
    [ -58.50955, -34.73338 ],
    [ -58.50957, -34.73312 ],
    [ -58.50956, -34.73289 ],
    [ -58.50943, -34.73265 ],
    [ -58.50925, -34.73251 ],
    [ -58.50896, -34.73236 ],
    [ -58.50875, -34.73227 ],
    [ -58.50855, -34.73218 ],
    [ -58.50837, -34.7321 ],
    [ -58.50817, -34.732 ],
    [ -58.508, -34.7319 ],
    [ -58.5078, -34.73177 ],
    [ -58.5076, -34.73158 ],
    [ -58.50745, -34.73141 ],
    [ -58.50732, -34.73117 ],
    [ -58.5072, -34.73081 ],
    [ -58.50716, -34.73059 ],
    [ -58.50712, -34.73038 ],
    [ -58.50708, -34.73013 ],
    [ -58.50703, -34.72981 ],
    [ -58.50701, -34.72949 ],
    [ -58.50702, -34.72927 ],
    [ -58.50704, -34.72904 ],
    [ -58.50707, -34.72884 ],
    [ -58.50713, -34.72858 ],
    [ -58.50718, -34.72829 ],
    [ -58.50721, -34.72801 ],
    [ -58.50722, -34.72776 ],
    [ -58.5072, -34.7275 ],
    [ -58.50705, -34.72736 ],
    [ -58.50685, -34.72716 ],
    [ -58.50666, -34.72699 ],
    [ -58.50646, -34.72684 ],
    [ -58.50631, -34.72667 ],
    [ -58.50611, -34.72647 ],
    [ -58.50597, -34.7263 ],
    [ -58.50584, -34.72613 ],
    [ -58.50568, -34.72585 ],
    [ -58.50554, -34.72563 ],
    [ -58.50535, -34.72533 ],
    [ -58.50521, -34.72513 ],
    [ -58.50509, -34.72496 ],
    [ -58.50495, -34.72476 ],
    [ -58.50483, -34.7245 ],
    [ -58.50474, -34.7243 ],
    [ -58.50468, -34.724 ],
    [ -58.50468, -34.72377 ],
    [ -58.50468, -34.72356 ],
    [ -58.50468, -34.72324 ],
    [ -58.50467, -34.723 ],
    [ -58.50466, -34.72272 ],
    [ -58.50465, -34.72243 ],
    [ -58.50455, -34.72199 ],
    [ -58.50451, -34.72161 ],
    [ -58.50442, -34.72139 ],
    [ -58.5043, -34.72121 ],
    [ -58.50414, -34.72105 ],
    [ -58.5039, -34.721 ],
    [ -58.50362, -34.72099 ],
    [ -58.50336, -34.72101 ],
    [ -58.50314, -34.72108 ],
    [ -58.50288, -34.72119 ],
    [ -58.50265, -34.72131 ],
    [ -58.50239, -34.72152 ],
    [ -58.50216, -34.72173 ],
    [ -58.50199, -34.72188 ],
    [ -58.50169, -34.7221 ],
    [ -58.50138, -34.72237 ],
    [ -58.50119, -34.72253 ],
    [ -58.50098, -34.72282 ],
    [ -58.49259, -34.73426 ],
    [ -58.48466, -34.74494 ],
    [ -58.48209, -34.74839 ],
    [ -58.47955, -34.75166 ],
    [ -58.46664, -34.7691 ],
    [ -58.46278, -34.77412 ],
    [ -58.46121, -34.77646 ],
    [ -58.45621, -34.78308 ],
    [ -58.44783, -34.79418 ],
    [ -58.44004, -34.80459 ],
    [ -58.43056, -34.81723 ],
    [ -58.40515, -34.80461 ],
    [ -58.4078, -34.80104 ],
    [ -58.4084, -34.80112 ],
    [ -58.41022, -34.79873 ],
    [ -58.37709, -34.78077 ],
    [ -58.36779, -34.7751 ],
    [ -58.35872, -34.77135 ],
    [ -58.36201, -34.76741 ],
    [ -58.34646, -34.75955 ],
    [ -58.33675, -34.75434 ],
    [ -58.33932, -34.7505 ],
    [ -58.34417, -34.74314 ],
    [ -58.34692, -34.73919 ],
    [ -58.34265, -34.73537 ],
    [ -58.33348, -34.72696 ],
    [ -58.32392, -34.71816 ],
    [ -58.32209, -34.71639 ],
    [ -58.30121, -34.69725 ],
    [ -58.29699, -34.69356 ],
    [ -58.28767, -34.68569 ],
    [ -58.2843, -34.68285 ],
    [ -58.27968, -34.67895 ],
    [ -58.27964, -34.67891 ],
    [ -58.27789, -34.67987 ],
    [ -58.26709, -34.68549 ],
    [ -58.26288, -34.68799 ],
    [ -58.25989, -34.68927 ],
    [ -58.25568, -34.69128 ],
    [ -58.2522, -34.69287 ],
    [ -58.25049, -34.69458 ],
    [ -58.2489, -34.69482 ],
    [ -58.24469, -34.69678 ],
    [ -58.242, -34.69843 ],
    [ -58.2348, -34.70209 ],
    [ -58.23248, -34.70288 ],
    [ -58.23138, -34.70239 ],
    [ -58.23138, -34.70337 ],
    [ -58.23218, -34.7041 ],
    [ -58.2323, -34.70471 ],
    [ -58.23102, -34.70477 ],
    [ -58.22748, -34.70752 ],
    [ -58.224, -34.70911 ],
    [ -58.22198, -34.70978 ],
    [ -58.22131, -34.711 ],
    [ -58.2179, -34.71332 ],
    [ -58.21478, -34.71521 ],
    [ -58.21179, -34.7171 ],
    [ -58.21051, -34.71869 ],
    [ -58.20801, -34.7207 ],
    [ -58.2066, -34.72241 ],
    [ -58.20612, -34.72321 ],
    [ -58.20459, -34.72351 ],
    [ -58.20331, -34.72449 ],
    [ -58.20331, -34.72571 ],
    [ -58.20221, -34.72729 ],
    [ -58.2019, -34.72888 ],
    [ -58.1991, -34.73199 ],
    [ -58.19757, -34.7337 ],
    [ -58.19598, -34.73499 ],
    [ -58.19501, -34.73566 ],
    [ -58.19421, -34.73621 ],
    [ -58.19031, -34.7384 ],
    [ -58.1875, -34.7403 ],
    [ -58.1853, -34.74109 ],
    [ -58.18292, -34.74158 ],
    [ -58.18097, -34.74249 ],
    [ -58.17889, -34.74469 ],
    [ -58.17627, -34.74438 ],
    [ -58.17401, -34.7453 ],
    [ -58.17041, -34.74622 ],
    [ -58.16559, -34.74762 ],
    [ -58.16168, -34.74799 ],
    [ -58.15662, -34.74823 ],
    [ -58.15479, -34.74872 ],
    [ -58.1532, -34.7486 ],
    [ -58.151, -34.74902 ],
    [ -58.14539, -34.74939 ],
    [ -58.14282, -34.74908 ],
    [ -58.13757, -34.74921 ],
    [ -58.13599, -34.74951 ],
    [ -58.13098, -34.74939 ],
    [ -58.12433, -34.75 ],
    [ -58.11938, -34.75043 ],
    [ -58.11688, -34.75061 ],
    [ -58.11243, -34.75189 ],
    [ -58.10883, -34.7533 ],
    [ -58.10522, -34.75452 ],
    [ -58.10059, -34.75641 ],
    [ -58.0965, -34.75848 ],
    [ -58.09259, -34.76019 ],
    [ -58.08911, -34.76208 ],
    [ -58.07861, -34.76752 ],
    [ -58.07501, -34.76929 ],
    [ -58.07208, -34.77063 ],
    [ -58.0661, -34.77271 ],
    [ -58.06128, -34.77429 ],
    [ -58.05542, -34.77588 ],
    [ -58.05182, -34.77679 ],
    [ -58.04431, -34.77728 ],
    [ -58.0321, -34.77771 ],
    [ -58.0246, -34.77838 ],
    [ -58.01721, -34.78021 ],
    [ -58.01688, -34.7803 ] ] ]
