[ [ [ -58.32521, -34.65073 ],
    [ -58.32367, -34.65179 ],
    [ -58.31879, -34.65588 ],
    [ -58.31689, -34.65778 ],
    [ -58.31622, -34.6593 ],
    [ -58.31458, -34.65918 ],
    [ -58.31238, -34.66052 ],
    [ -58.3103, -34.66168 ],
    [ -58.30957, -34.6626 ],
    [ -58.30731, -34.66339 ],
    [ -58.30359, -34.66589 ],
    [ -58.30188, -34.6673 ],
    [ -58.30078, -34.66858 ],
    [ -58.29968, -34.66791 ],
    [ -58.29828, -34.66821 ],
    [ -58.29181, -34.67218 ],
    [ -58.28748, -34.6745 ],
    [ -58.2843, -34.67657 ],
    [ -58.28021, -34.67859 ],
    [ -58.27964, -34.67891 ],
    [ -58.27968, -34.67895 ],
    [ -58.2843, -34.68285 ],
    [ -58.28767, -34.68569 ],
    [ -58.29699, -34.69356 ],
    [ -58.30121, -34.69725 ],
    [ -58.32209, -34.71639 ],
    [ -58.32392, -34.71816 ],
    [ -58.33348, -34.72696 ],
    [ -58.34265, -34.73537 ],
    [ -58.34692, -34.73919 ],
    [ -58.34417, -34.74314 ],
    [ -58.33932, -34.7505 ],
    [ -58.33675, -34.75434 ],
    [ -58.34646, -34.75955 ],
    [ -58.36201, -34.76741 ],
    [ -58.35872, -34.77135 ],
    [ -58.36779, -34.7751 ],
    [ -58.37709, -34.78077 ],
    [ -58.41022, -34.79873 ],
    [ -58.4084, -34.80112 ],
    [ -58.4078, -34.80104 ],
    [ -58.40515, -34.80461 ],
    [ -58.43056, -34.81723 ],
    [ -58.44004, -34.80459 ],
    [ -58.44783, -34.79418 ],
    [ -58.45621, -34.78308 ],
    [ -58.46121, -34.77646 ],
    [ -58.46278, -34.77412 ],
    [ -58.46664, -34.7691 ],
    [ -58.47955, -34.75166 ],
    [ -58.48209, -34.74839 ],
    [ -58.48466, -34.74494 ],
    [ -58.49259, -34.73426 ],
    [ -58.50098, -34.72282 ],
    [ -58.50061, -34.72289 ],
    [ -58.5004, -34.72295 ],
    [ -58.50002, -34.72303 ],
    [ -58.49968, -34.72303 ],
    [ -58.49913, -34.72307 ],
    [ -58.49892, -34.72309 ],
    [ -58.49875869240896, -34.72311932865291 ],
    [ -58.50414, -34.72105 ],
    [ -58.50732, -34.73117 ],
    [ -58.50943, -34.73265 ],
    [ -58.51266, -34.7399 ],
    [ -58.52209, -34.74082 ],
    [ -58.53131, -34.74557 ],
    [ -58.53865, -34.7467 ],
    [ -58.53852, -34.75101 ],
    [ -58.53573, -34.7552 ],
    [ -58.53756, -34.75697 ],
    [ -58.54588, -34.75902 ],
    [ -58.54612, -34.75677 ],
    [ -58.55183, -34.75077 ],
    [ -58.5567, -34.75699 ],
    [ -58.55929, -34.75594 ],
    [ -58.5682, -34.75861 ],
    [ -58.56941, -34.76184 ],
    [ -58.5676, -34.76539 ],
    [ -58.57389, -34.76655 ],
    [ -58.5749, -34.76828 ],
    [ -58.57379, -34.77062 ],
    [ -58.5752, -34.77272 ],
    [ -58.57252, -34.77303 ],
    [ -58.57233, -34.77504 ],
    [ -58.57787, -34.77811 ],
    [ -58.58083, -34.77613 ],
    [ -58.58653, -34.78004 ],
    [ -58.58449, -34.7829 ],
    [ -58.58798, -34.78626 ],
    [ -58.58755, -34.79243 ],
    [ -58.59097, -34.79581 ],
    [ -58.58981, -34.79782 ],
    [ -58.59602, -34.80359 ],
    [ -58.59466, -34.80572 ],
    [ -58.59753, -34.80472 ],
    [ -58.59976, -34.81112 ],
    [ -58.60373, -34.80967 ],
    [ -58.60649, -34.81069 ],
    [ -58.61542, -34.81841 ],
    [ -58.61769, -34.82907 ],
    [ -58.61953, -34.83022 ],
    [ -58.62471, -34.84369 ],
    [ -58.62876, -34.8466 ],
    [ -58.6303, -34.85311 ],
    [ -58.63613, -34.85859 ],
    [ -58.64009, -34.86365 ],
    [ -58.63975, -34.86599 ],
    [ -58.64303, -34.8688 ],
    [ -58.64705, -34.88939 ],
    [ -58.66888, -34.9028 ],
    [ -58.68092, -34.90718 ],
    [ -58.68634, -34.9116 ],
    [ -58.69317, -34.91198 ],
    [ -58.76291, -34.85809 ],
    [ -58.75061, -34.84688 ],
    [ -58.7745, -34.82837 ],
    [ -58.7736, -34.82726 ],
    [ -58.75615, -34.8274 ],
    [ -58.7492, -34.82459 ],
    [ -58.74435, -34.82518 ],
    [ -58.73969, -34.82329 ],
    [ -58.73428, -34.81714 ],
    [ -58.72029, -34.81815 ],
    [ -58.71213, -34.81455 ],
    [ -58.71051, -34.81178 ],
    [ -58.70711, -34.81109 ],
    [ -58.75024, -34.77725 ],
    [ -58.72855, -34.75922 ],
    [ -58.70391, -34.77852 ],
    [ -58.68202, -34.75946 ],
    [ -58.67359, -34.76632 ],
    [ -58.65781, -34.75337 ],
    [ -58.67544, -34.7393 ],
    [ -58.65503, -34.72231 ],
    [ -58.64966, -34.72654 ],
    [ -58.63624, -34.71489 ],
    [ -58.64307, -34.70956 ],
    [ -58.641024988297325, -34.70445696770169 ],
    [ -58.65599, -34.69536 ],
    [ -58.6572, -34.69442 ],
    [ -58.65761, -34.69407 ],
    [ -58.66741, -34.68587 ],
    [ -58.66471, -34.67512 ],
    [ -58.65561, -34.63879 ],
    [ -58.65471, -34.63585 ],
    [ -58.65419, -34.63429 ],
    [ -58.65377, -34.63331 ],
    [ -58.65367, -34.63304 ],
    [ -58.65359, -34.6327 ],
    [ -58.65355, -34.63227 ],
    [ -58.6536, -34.63166 ],
    [ -58.65157, -34.63142 ],
    [ -58.65033, -34.63134 ],
    [ -58.64878, -34.6313 ],
    [ -58.64807, -34.63128 ],
    [ -58.64737, -34.6313 ],
    [ -58.6457, -34.63142 ],
    [ -58.63654, -34.63222 ],
    [ -58.63203, -34.63253 ],
    [ -58.62934, -34.63268 ],
    [ -58.62472, -34.63278 ],
    [ -58.623, -34.63284 ],
    [ -58.62175, -34.63295 ],
    [ -58.62161, -34.63274 ],
    [ -58.6207, -34.63158 ],
    [ -58.62042, -34.63149 ],
    [ -58.62007, -34.6316 ],
    [ -58.61991, -34.63174 ],
    [ -58.61969, -34.63179 ],
    [ -58.61946, -34.63172 ],
    [ -58.61926, -34.63147 ],
    [ -58.6191, -34.63129 ],
    [ -58.61885, -34.63099 ],
    [ -58.61873, -34.63074 ],
    [ -58.61868, -34.63054 ],
    [ -58.61865, -34.63032 ],
    [ -58.61868, -34.62999 ],
    [ -58.61879, -34.62981 ],
    [ -58.61906, -34.62955 ],
    [ -58.6194, -34.62929 ],
    [ -58.61974, -34.62894 ],
    [ -58.62006, -34.62861 ],
    [ -58.62001, -34.62835 ],
    [ -58.61996, -34.62811 ],
    [ -58.6199, -34.6279 ],
    [ -58.61985, -34.62769 ],
    [ -58.61977, -34.62745 ],
    [ -58.61973, -34.62723 ],
    [ -58.61969, -34.62692 ],
    [ -58.61958, -34.62641 ],
    [ -58.61945, -34.62581 ],
    [ -58.61925, -34.62522 ],
    [ -58.61895, -34.62421 ],
    [ -58.61878, -34.62373 ],
    [ -58.61874, -34.62344 ],
    [ -58.61858, -34.62278 ],
    [ -58.61848, -34.62234 ],
    [ -58.6184, -34.62185 ],
    [ -58.61829, -34.62148 ],
    [ -58.61824, -34.62115 ],
    [ -58.61811, -34.62085 ],
    [ -58.61808, -34.62054 ],
    [ -58.6181, -34.61999 ],
    [ -58.61827, -34.61959 ],
    [ -58.61841, -34.61936 ],
    [ -58.61856, -34.61915 ],
    [ -58.61876, -34.61877 ],
    [ -58.61905, -34.61822 ],
    [ -58.61929, -34.61781 ],
    [ -58.61953, -34.61735 ],
    [ -58.61964, -34.61717 ],
    [ -58.61976, -34.61695 ],
    [ -58.62012, -34.6163 ],
    [ -58.62036, -34.6159 ],
    [ -58.62048, -34.61558 ],
    [ -58.6205, -34.61535 ],
    [ -58.6205, -34.61514 ],
    [ -58.62042, -34.61491 ],
    [ -58.62031, -34.61463 ],
    [ -58.62022, -34.61444 ],
    [ -58.62018, -34.61417 ],
    [ -58.6202, -34.61396 ],
    [ -58.62043, -34.61364 ],
    [ -58.62067, -34.61329 ],
    [ -58.6208, -34.61308 ],
    [ -58.62098, -34.6128 ],
    [ -58.62118, -34.61255 ],
    [ -58.62146, -34.61213 ],
    [ -58.62157, -34.61194 ],
    [ -58.6217, -34.61176 ],
    [ -58.62182, -34.61153 ],
    [ -58.62193, -34.61131 ],
    [ -58.62201, -34.61106 ],
    [ -58.62188, -34.6106 ],
    [ -58.62171, -34.61035 ],
    [ -58.6215, -34.61018 ],
    [ -58.62125, -34.60989 ],
    [ -58.62096, -34.60967 ],
    [ -58.62071, -34.60939 ],
    [ -58.62042, -34.60907 ],
    [ -58.62036, -34.60885 ],
    [ -58.62029, -34.60855 ],
    [ -58.62023, -34.60799 ],
    [ -58.62023, -34.60764 ],
    [ -58.6202, -34.60717 ],
    [ -58.62009, -34.6067 ],
    [ -58.62, -34.60641 ],
    [ -58.61995, -34.60598 ],
    [ -58.61988, -34.60555 ],
    [ -58.61995, -34.60534 ],
    [ -58.6202, -34.60505 ],
    [ -58.62038, -34.60484 ],
    [ -58.62072, -34.60461 ],
    [ -58.62101, -34.60423 ],
    [ -58.62112, -34.60395 ],
    [ -58.62121, -34.60369 ],
    [ -58.62137, -34.60329 ],
    [ -58.62151, -34.60276 ],
    [ -58.62154, -34.6023 ],
    [ -58.62148, -34.60202 ],
    [ -58.62142, -34.60182 ],
    [ -58.62122, -34.60145 ],
    [ -58.62098, -34.60097 ],
    [ -58.6208, -34.60065 ],
    [ -58.62067, -34.60041 ],
    [ -58.62051, -34.6002 ],
    [ -58.62035, -34.59995 ],
    [ -58.62019, -34.59972 ],
    [ -58.62004, -34.59931 ],
    [ -58.61992, -34.59903 ],
    [ -58.6197, -34.59863 ],
    [ -58.61956, -34.59837 ],
    [ -58.61935, -34.59799 ],
    [ -58.61914, -34.59763 ],
    [ -58.61914, -34.59737 ],
    [ -58.61908, -34.59713 ],
    [ -58.61893, -34.59684 ],
    [ -58.61844, -34.59641 ],
    [ -58.61828, -34.59626 ],
    [ -58.61805, -34.59615 ],
    [ -58.61792, -34.59594 ],
    [ -58.61784, -34.59573 ],
    [ -58.61775, -34.5954 ],
    [ -58.61769, -34.59511 ],
    [ -58.61761, -34.59491 ],
    [ -58.6175, -34.59447 ],
    [ -58.61745, -34.59428 ],
    [ -58.61731, -34.59392 ],
    [ -58.61718, -34.59349 ],
    [ -58.61703, -34.5929 ],
    [ -58.61702, -34.59256 ],
    [ -58.61695, -34.59227 ],
    [ -58.61691, -34.59201 ],
    [ -58.61687, -34.59172 ],
    [ -58.6167, -34.59093 ],
    [ -58.61666, -34.59059 ],
    [ -58.61664, -34.59026 ],
    [ -58.61665, -34.58997 ],
    [ -58.61662, -34.58961 ],
    [ -58.61658, -34.58899 ],
    [ -58.61657, -34.58877 ],
    [ -58.61652, -34.58835 ],
    [ -58.6165, -34.58804 ],
    [ -58.63932, -34.56868 ],
    [ -58.64633, -34.56296 ],
    [ -58.64575, -34.56268 ],
    [ -58.64538, -34.56248 ],
    [ -58.64509, -34.56219 ],
    [ -58.64475, -34.56157 ],
    [ -58.64447, -34.5611 ],
    [ -58.64443, -34.56074 ],
    [ -58.64411, -34.55994 ],
    [ -58.64361, -34.55951 ],
    [ -58.64317, -34.55917 ],
    [ -58.64262, -34.55925 ],
    [ -58.64224, -34.55916 ],
    [ -58.64178, -34.55891 ],
    [ -58.64133, -34.55874 ],
    [ -58.64077, -34.55855 ],
    [ -58.64034, -34.55806 ],
    [ -58.64023, -34.55775 ],
    [ -58.64017, -34.55728 ],
    [ -58.64003, -34.5567 ],
    [ -58.63952, -34.55593 ],
    [ -58.63911, -34.55571 ],
    [ -58.63855, -34.5555 ],
    [ -58.63828, -34.55539 ],
    [ -58.63789, -34.55511 ],
    [ -58.63769, -34.55485 ],
    [ -58.63721, -34.55453 ],
    [ -58.63629, -34.55429 ],
    [ -58.63594, -34.55413 ],
    [ -58.63566, -34.55398 ],
    [ -58.63457, -34.55403 ],
    [ -58.63397, -34.55399 ],
    [ -58.63315, -34.55366 ],
    [ -58.63269, -34.55325 ],
    [ -58.63261, -34.55305 ],
    [ -58.63221, -34.55265 ],
    [ -58.63181, -34.55243 ],
    [ -58.63127, -34.5521 ],
    [ -58.63098, -34.55129 ],
    [ -58.63096, -34.55066 ],
    [ -58.63095, -34.55033 ],
    [ -58.63082, -34.54974 ],
    [ -58.63018, -34.54924 ],
    [ -58.62958, -34.54906 ],
    [ -58.62887, -34.5487 ],
    [ -58.62852, -34.5485 ],
    [ -58.62785, -34.54819 ],
    [ -58.62763, -34.54751 ],
    [ -58.62748, -34.54708 ],
    [ -58.62714, -34.54667 ],
    [ -58.6268, -34.54659 ],
    [ -58.62611, -34.54689 ],
    [ -58.6251, -34.54704 ],
    [ -58.62487, -34.54676 ],
    [ -58.62476, -34.54649 ],
    [ -58.62423, -34.54595 ],
    [ -58.62388, -34.54586 ],
    [ -58.62328, -34.5462 ],
    [ -58.62301, -34.54652 ],
    [ -58.62262, -34.54666 ],
    [ -58.62209, -34.54631 ],
    [ -58.62186, -34.54606 ],
    [ -58.62146, -34.54578 ],
    [ -58.62055, -34.5458 ],
    [ -58.62029, -34.54615 ],
    [ -58.61966, -34.54665 ],
    [ -58.61889, -34.54668 ],
    [ -58.61845, -34.54702 ],
    [ -58.61769, -34.54681 ],
    [ -58.61754, -34.54657 ],
    [ -58.61719, -34.54592 ],
    [ -58.61668, -34.54553 ],
    [ -58.61624, -34.54528 ],
    [ -58.61597, -34.54521 ],
    [ -58.61536, -34.545 ],
    [ -58.61502, -34.54461 ],
    [ -58.6147, -34.54419 ],
    [ -58.61428, -34.54388 ],
    [ -58.61397, -34.54372 ],
    [ -58.61322, -34.54334 ],
    [ -58.61283, -34.54308 ],
    [ -58.61229, -34.54239 ],
    [ -58.61134, -34.541 ],
    [ -58.61115, -34.54036 ],
    [ -58.61086, -34.53965 ],
    [ -58.6104, -34.53892 ],
    [ -58.60984, -34.5379 ],
    [ -58.60938, -34.53744 ],
    [ -58.60882, -34.53658 ],
    [ -58.60859, -34.53604 ],
    [ -58.60804, -34.53541 ],
    [ -58.6069, -34.53486 ],
    [ -58.60621, -34.53442 ],
    [ -58.60548, -34.53321 ],
    [ -58.60537, -34.53252 ],
    [ -58.60518, -34.53152 ],
    [ -58.60493, -34.53012 ],
    [ -58.60473, -34.52861 ],
    [ -58.60458, -34.52763 ],
    [ -58.60452, -34.52703 ],
    [ -58.60451, -34.52645 ],
    [ -58.60422, -34.52563 ],
    [ -58.60392, -34.52501 ],
    [ -58.60358, -34.52433 ],
    [ -58.6028, -34.52293 ],
    [ -58.60238, -34.52243 ],
    [ -58.60196, -34.52186 ],
    [ -58.60145, -34.52111 ],
    [ -58.60135, -34.52064 ],
    [ -58.60132, -34.52031 ],
    [ -58.60156, -34.51917 ],
    [ -58.60173, -34.5187 ],
    [ -58.60177, -34.51792 ],
    [ -58.60153, -34.51715 ],
    [ -58.60158, -34.51674 ],
    [ -58.60166, -34.51652 ],
    [ -58.60174, -34.51619 ],
    [ -58.60204, -34.5155 ],
    [ -58.60251, -34.51392 ],
    [ -58.60274, -34.51324 ],
    [ -58.60301, -34.51239 ],
    [ -58.6027, -34.51162 ],
    [ -58.60251, -34.51136 ],
    [ -58.60233, -34.51081 ],
    [ -58.60232, -34.51046 ],
    [ -58.60245, -34.50978 ],
    [ -58.60252, -34.50935 ],
    [ -58.60242, -34.50866 ],
    [ -58.60225, -34.50825 ],
    [ -58.60178, -34.50676 ],
    [ -58.60166, -34.50644 ],
    [ -58.60141, -34.50553 ],
    [ -58.60134, -34.50452 ],
    [ -58.60119, -34.50401 ],
    [ -58.60116, -34.50331 ],
    [ -58.60108, -34.50303 ],
    [ -58.60028, -34.50214 ],
    [ -58.59986, -34.50152 ],
    [ -58.59967, -34.50119 ],
    [ -58.59929, -34.5 ],
    [ -58.59921, -34.49967 ],
    [ -58.59889, -34.49915 ],
    [ -58.59845, -34.49873 ],
    [ -58.59857, -34.49714 ],
    [ -58.5988, -34.49652 ],
    [ -58.59898, -34.4958 ],
    [ -58.59942, -34.49519 ],
    [ -58.60035, -34.49437 ],
    [ -58.60054, -34.49421 ],
    [ -58.60071, -34.49392 ],
    [ -58.60079, -34.49357 ],
    [ -58.60088, -34.49271 ],
    [ -58.60083, -34.49237 ],
    [ -58.60074, -34.49176 ],
    [ -58.60058, -34.49088 ],
    [ -58.6005, -34.49036 ],
    [ -58.60033, -34.49004 ],
    [ -58.60012, -34.4897 ],
    [ -58.6, -34.48944 ],
    [ -58.59391, -34.4863 ],
    [ -58.58621, -34.48235 ],
    [ -58.58476, -34.48007 ],
    [ -58.58278, -34.47924 ],
    [ -58.57895, -34.47741 ],
    [ -58.57877, -34.47757 ],
    [ -58.57792, -34.47599 ],
    [ -58.57489, -34.47558 ],
    [ -58.55689, -34.46675 ],
    [ -58.55656, -34.46664 ],
    [ -58.55493, -34.46585 ],
    [ -58.55471, -34.46566 ],
    [ -58.5471, -34.46205 ],
    [ -58.53625, -34.45698 ],
    [ -58.53495, -34.45624 ],
    [ -58.53098, -34.45421 ],
    [ -58.52761, -34.45237 ],
    [ -58.52325, -34.45016 ],
    [ -58.51737, -34.44718 ],
    [ -58.5144, -34.44592 ],
    [ -58.51099, -34.44647 ],
    [ -58.50818, -34.44647 ],
    [ -58.5069, -34.44769 ],
    [ -58.50677, -34.45099 ],
    [ -58.50458, -34.45288 ],
    [ -58.50342, -34.45477 ],
    [ -58.50311, -34.45691 ],
    [ -58.50177, -34.4588 ],
    [ -58.5, -34.46057 ],
    [ -58.49573, -34.4632 ],
    [ -58.49347, -34.46442 ],
    [ -58.49323, -34.4657 ],
    [ -58.49341, -34.46619 ],
    [ -58.49249, -34.46667 ],
    [ -58.49323, -34.46753 ],
    [ -58.49306, -34.46825 ],
    [ -58.49268, -34.46991 ],
    [ -58.492, -34.47058 ],
    [ -58.49103, -34.47101 ],
    [ -58.49042, -34.47198 ],
    [ -58.48938, -34.47241 ],
    [ -58.4873, -34.47321 ],
    [ -58.48698, -34.47356 ],
    [ -58.48669, -34.47388 ],
    [ -58.48639, -34.47467 ],
    [ -58.48462, -34.4762 ],
    [ -58.48327, -34.47809 ],
    [ -58.483, -34.47874 ],
    [ -58.48219, -34.4785 ],
    [ -58.482, -34.47909 ],
    [ -58.48161, -34.47987 ],
    [ -58.48208, -34.48033 ],
    [ -58.4817, -34.48166 ],
    [ -58.48101, -34.48223 ],
    [ -58.48081, -34.48266 ],
    [ -58.48073, -34.48282 ],
    [ -58.48041, -34.48352 ],
    [ -58.48029, -34.48486 ],
    [ -58.48065, -34.48697 ],
    [ -58.48037, -34.48775 ],
    [ -58.48033, -34.48867 ],
    [ -58.47924, -34.48947 ],
    [ -58.47891, -34.49013 ],
    [ -58.47903, -34.49058 ],
    [ -58.47897, -34.49128 ],
    [ -58.47894, -34.49175 ],
    [ -58.47867, -34.49256 ],
    [ -58.47877, -34.49325 ],
    [ -58.47953, -34.49356 ],
    [ -58.47993, -34.49439 ],
    [ -58.48001, -34.49539 ],
    [ -58.48005, -34.49644 ],
    [ -58.47963, -34.49708 ],
    [ -58.47924, -34.49724 ],
    [ -58.4791, -34.49729 ],
    [ -58.47858, -34.49751 ],
    [ -58.47791, -34.49731 ],
    [ -58.47741, -34.49687 ],
    [ -58.47689, -34.49703 ],
    [ -58.47639, -34.49791 ],
    [ -58.47679, -34.49889 ],
    [ -58.47682, -34.49891 ],
    [ -58.47733, -34.49924 ],
    [ -58.47756, -34.49939 ],
    [ -58.47708, -34.50113 ],
    [ -58.47698, -34.50151 ],
    [ -58.47658, -34.50258 ],
    [ -58.47648, -34.50372 ],
    [ -58.47789, -34.50429 ],
    [ -58.47741, -34.50591 ],
    [ -58.47665, -34.50679 ],
    [ -58.47589, -34.50669 ],
    [ -58.47572, -34.50717 ],
    [ -58.47516, -34.50752 ],
    [ -58.47413, -34.50807 ],
    [ -58.47394, -34.50905 ],
    [ -58.47401, -34.50908 ],
    [ -58.47455, -34.50933 ],
    [ -58.47482, -34.50945 ],
    [ -58.47406, -34.51086 ],
    [ -58.4726, -34.51015 ],
    [ -58.47168, -34.51001 ],
    [ -58.47028, -34.51178 ],
    [ -58.4704, -34.5127 ],
    [ -58.4698, -34.51271 ],
    [ -58.46889, -34.51295 ],
    [ -58.46837, -34.51328 ],
    [ -58.46851, -34.51428 ],
    [ -58.46887, -34.51471 ],
    [ -58.46935, -34.51495 ],
    [ -58.47001, -34.51509 ],
    [ -58.47018, -34.51535 ],
    [ -58.46958, -34.51535 ],
    [ -58.46887, -34.51559 ],
    [ -58.46867, -34.51585 ],
    [ -58.46849, -34.51609 ],
    [ -58.46861, -34.51664 ],
    [ -58.46911, -34.51702 ],
    [ -58.46966, -34.51714 ],
    [ -58.46982, -34.51783 ],
    [ -58.46986, -34.5186 ],
    [ -58.46901, -34.51933 ],
    [ -58.46835, -34.51997 ],
    [ -58.46846, -34.52044 ],
    [ -58.46851, -34.52066 ],
    [ -58.46856, -34.52151 ],
    [ -58.46771, -34.52289 ],
    [ -58.4676, -34.52329 ],
    [ -58.46691, -34.52342 ],
    [ -58.4664, -34.52375 ],
    [ -58.46587, -34.52419 ],
    [ -58.46536, -34.52464 ],
    [ -58.46485, -34.5247 ],
    [ -58.46474, -34.52493 ],
    [ -58.46471, -34.525 ],
    [ -58.46432, -34.52577 ],
    [ -58.46367, -34.52604 ],
    [ -58.4628, -34.52675 ],
    [ -58.46233, -34.52744 ],
    [ -58.46212, -34.52714 ],
    [ -58.46179, -34.52678 ],
    [ -58.46132, -34.52669 ],
    [ -58.46036, -34.52672 ],
    [ -58.45965, -34.52708 ],
    [ -58.45956, -34.52778 ],
    [ -58.46004, -34.52857 ],
    [ -58.46034, -34.52897 ],
    [ -58.46129, -34.53023 ],
    [ -58.46204, -34.5313 ],
    [ -58.4634, -34.53327 ],
    [ -58.46346, -34.53336 ],
    [ -58.46353, -34.5334 ],
    [ -58.47216, -34.53712 ],
    [ -58.47587, -34.53872 ],
    [ -58.48477, -34.54256 ],
    [ -58.50077, -34.54946 ],
    [ -58.50604, -34.56088 ],
    [ -58.50989, -34.56921 ],
    [ -58.51425, -34.57867 ],
    [ -58.51546, -34.58129 ],
    [ -58.52282, -34.59722 ],
    [ -58.52921, -34.61107 ],
    [ -58.53145, -34.61594 ],
    [ -58.53147, -34.61597 ],
    [ -58.53037, -34.63481 ],
    [ -58.52923, -34.65432 ],
    [ -58.5292, -34.65475 ],
    [ -58.46139, -34.70531 ],
    [ -58.46085, -34.7047 ],
    [ -58.45344, -34.69634 ],
    [ -58.45033, -34.69282 ],
    [ -58.44698, -34.68886 ],
    [ -58.44136, -34.68219 ],
    [ -58.43904, -34.67943 ],
    [ -58.4307, -34.66954 ],
    [ -58.4304, -34.66918 ],
    [ -58.42736, -34.66558 ],
    [ -58.42563, -34.66374 ],
    [ -58.42386, -34.6623 ],
    [ -58.42383, -34.66228 ],
    [ -58.42379, -34.66225 ],
    [ -58.42373, -34.66221 ],
    [ -58.4214, -34.66106 ],
    [ -58.41892, -34.66034 ],
    [ -58.41694, -34.65975 ],
    [ -58.41535, -34.65919 ],
    [ -58.4151, -34.6591 ],
    [ -58.41416, -34.65896 ],
    [ -58.41272, -34.65875 ],
    [ -58.41225, -34.65868 ],
    [ -58.41181, -34.65882 ],
    [ -58.41058, -34.65922 ],
    [ -58.40838, -34.66017 ],
    [ -58.40766, -34.66015 ],
    [ -58.40549, -34.66011 ],
    [ -58.40547, -34.66011 ],
    [ -58.40347, -34.65977 ],
    [ -58.40338, -34.65975 ],
    [ -58.40336, -34.65976 ],
    [ -58.4027, -34.65994 ],
    [ -58.40189, -34.66017 ],
    [ -58.40094, -34.66056 ],
    [ -58.40038, -34.66079 ],
    [ -58.40017, -34.66088 ],
    [ -58.39907, -34.66088 ],
    [ -58.39904, -34.66088 ],
    [ -58.39798, -34.6607 ],
    [ -58.39788, -34.66103 ],
    [ -58.39782, -34.66126 ],
    [ -58.39775, -34.66148 ],
    [ -58.39771, -34.66163 ],
    [ -58.39767, -34.66177 ],
    [ -58.39764, -34.66178 ],
    [ -58.39679, -34.66201 ],
    [ -58.39654, -34.66207 ],
    [ -58.3958, -34.66226 ],
    [ -58.39535, -34.66237 ],
    [ -58.39403, -34.66257 ],
    [ -58.39381, -34.6626 ],
    [ -58.39376, -34.66261 ],
    [ -58.39273, -34.66267 ],
    [ -58.39172, -34.66261 ],
    [ -58.39083, -34.66183 ],
    [ -58.39005, -34.66116 ],
    [ -58.38993, -34.66106 ],
    [ -58.38874, -34.66088 ],
    [ -58.38785, -34.66053 ],
    [ -58.38739, -34.66034 ],
    [ -58.38727, -34.66015 ],
    [ -58.3869, -34.65957 ],
    [ -58.38626, -34.65904 ],
    [ -58.38528, -34.65823 ],
    [ -58.38525, -34.6582 ],
    [ -58.3848, -34.65809 ],
    [ -58.3842, -34.65794 ],
    [ -58.38382, -34.65784 ],
    [ -58.38239, -34.65784 ],
    [ -58.38127, -34.65784 ],
    [ -58.38073, -34.65784 ],
    [ -58.37875, -34.65767 ],
    [ -58.37709, -34.65731 ],
    [ -58.37572, -34.65719 ],
    [ -58.37405, -34.65719 ],
    [ -58.37358, -34.65681 ],
    [ -58.3731, -34.65642 ],
    [ -58.37215, -34.65541 ],
    [ -58.37108, -34.65482 ],
    [ -58.37073, -34.65463 ],
    [ -58.36966, -34.65404 ],
    [ -58.36953, -34.6538 ],
    [ -58.36919, -34.6532 ],
    [ -58.36919, -34.6519 ],
    [ -58.36901, -34.65171 ],
    [ -58.3684, -34.65107 ],
    [ -58.36836, -34.65105 ],
    [ -58.36693, -34.65035 ],
    [ -58.36538, -34.64964 ],
    [ -58.3644, -34.64898 ],
    [ -58.36406, -34.64875 ],
    [ -58.36315, -34.64866 ],
    [ -58.36287, -34.64863 ],
    [ -58.36279, -34.6486 ],
    [ -58.36162, -34.64821 ],
    [ -58.36043, -34.64708 ],
    [ -58.35926, -34.6463 ],
    [ -58.359, -34.64613 ],
    [ -58.35808, -34.6457 ],
    [ -58.35751, -34.64544 ],
    [ -58.35745, -34.64542 ],
    [ -58.35731, -34.64526 ],
    [ -58.35662, -34.64452 ],
    [ -58.35681, -34.64333 ],
    [ -58.3569, -34.64315 ],
    [ -58.35753, -34.64178 ],
    [ -58.35765, -34.64024 ],
    [ -58.35705, -34.6394 ],
    [ -58.3552, -34.63798 ],
    [ -58.35443, -34.63738 ],
    [ -58.35337, -34.63653 ],
    [ -58.35205, -34.63548 ],
    [ -58.35023, -34.63447 ],
    [ -58.35012, -34.63442 ],
    [ -58.34967, -34.63417 ],
    [ -58.34515, -34.63227 ],
    [ -58.34336, -34.63054 ],
    [ -58.34197, -34.63155 ],
    [ -58.34082, -34.63239 ],
    [ -58.34039, -34.6333 ],
    [ -58.3382, -34.63361 ],
    [ -58.33691, -34.633 ],
    [ -58.336, -34.63287 ],
    [ -58.33588, -34.63409 ],
    [ -58.33429, -34.6344 ],
    [ -58.33331, -34.63568 ],
    [ -58.3335, -34.63818 ],
    [ -58.33258, -34.63989 ],
    [ -58.3327, -34.6441 ],
    [ -58.32703, -34.64948 ],
    [ -58.32521, -34.65073 ] ],
  [ [ -58.46139, -34.70531 ],
    [ -58.4835381054315, -34.72662503791202 ],
    [ -58.48097, -34.7244 ],
    [ -58.48013, -34.72364 ],
    [ -58.46522, -34.70906 ],
    [ -58.46139, -34.70531 ] ],
  [ [ -58.622759542253654, -34.686430027386656 ],
    [ -58.58071, -34.64933 ],
    [ -58.58325, -34.6506 ],
    [ -58.59346, -34.65989 ],
    [ -58.59728, -34.66319 ],
    [ -58.60046, -34.66609 ],
    [ -58.60814, -34.67311 ],
    [ -58.622759542253654, -34.686430027386656 ] ],
  [ [ -58.56175, -34.63725 ],
    [ -58.5561, -34.6347 ],
    [ -58.56205, -34.63647 ],
    [ -58.56175, -34.63725 ] ],
  [ [ -58.497730248637154, -34.72351480654169 ],
    [ -58.4977, -34.72366 ],
    [ -58.49749, -34.72372 ],
    [ -58.49724, -34.72378 ],
    [ -58.49694, -34.72387 ],
    [ -58.49679, -34.72404 ],
    [ -58.49662, -34.72423 ],
    [ -58.49648, -34.72442 ],
    [ -58.4963, -34.72462 ],
    [ -58.49607, -34.72477 ],
    [ -58.49575, -34.72495 ],
    [ -58.49554, -34.72495 ],
    [ -58.49528, -34.72488 ],
    [ -58.49504, -34.72486 ],
    [ -58.49475, -34.72485 ],
    [ -58.49447, -34.72486 ],
    [ -58.49417, -34.72489 ],
    [ -58.49392, -34.72498 ],
    [ -58.497730248637154, -34.72351480654169 ] ] ]
